bot_name: 一夜暴富
robotId: 1.jpg
issue: 2026123
title: 第*****期 新澳🔥🀄💰【一夜暴富】🚲🚗免费公开【全网最强24码】实力见证
prediction: 03 06 07 08 09 10 12 13 15 16 17 18 19 23 26 28 29 32 33 35 36 39 46 47

recent10:
issue: 2026122
03 06 07 08 09 10 12 13 15 16 17 18 01 23 26 28 29 32 33 35 36 39 46 47
issue: 2026121
03 06 07 08 09 10 12 13 15 16 17 18 19 23 26 44 29 32 33 35 36 39 46 47
issue: 2026120
02 04 05 06 09 10 11 13 14 18 20 23 24 25 28 29 30 35 36 37 41 42 45 47
issue: 2026119
02 03 07 10 11 12 18 19 22 25 26 27 28 30 31 33 37 38 43 44 46 47 48 49
issue: 2026118
08 09 10 11 12 13 17 23 26 27 29 30 31 33 34 36 39 41 42 45 46 47 48 49
