bot_name: 王牌澳彩堂
robotId: 19.jpg
issue: 2026120
title: 第*****期 新澳🔥🀄💰【王牌澳彩堂】🚲🚗内幕猛料【24码🀄特】,抓住时机为自己创造财，长期跟踪稳赚
prediction: 01 02 04 05 06 08 09 12 14 15 16 17 21 22 25 30 33 35 36 37 40 41 48 49
recent10:
issue: 2026120
02 06 07 11 12 14 15 16 20 25 31 34 35 36 37 38 39 40 41 43 44 45 46 47
issue: 2026119
03 04 05 10 11 13 19 21 24 27 32 33 35 36 38 39 40 41 43 44 46 47 48 49
issue: 2026118
01 03 07 08 09 10 11 12 15 17 18 21 26 30 31 34 35 36 39 42 46 47 48 49
issue: 2026117
05 07 08 09 10 11 12 14 16 19 20 21 23 25 26 28 31 32 35 36 37 41 45 47
issue: 2026116
03 04 06 07 09 10 12 14 17 19 20 21 22 30 31 32 37 38 41 43 44 45 47 48
