bot_name:爆点红单坊
robotId：20.jpg
issue：2026110
title：第*****期 新澳🔥🀄💰【爆点红单坊】🚲🚗内幕猛料【11码🀄特】,抓住时机为自己创造财，长期跟踪稳赚
prediction：03 09 20 23 29 34 37 39 43 47 48
recent10：
issue:2026109
01 03 12 15 23 26 32 36 41 46 48
issue:2026108
02 03 15 17 22 24 33 40 41 45 46
issue:2026107
01 04 12 17 21 23 26 29 40 44 46
issue:2026106
01 14 21 27 32 35 36 37 40 48 49
issue:2026105
04 05 06 10 13 19 30 34 43 47 48
issue:2026104
01 08 10 17 25 29 37 40 44 47 48
issue:2026103
02 03 04 09 16 20 33 38 45 48 49
issue:2026102
02 13 16 18 28 32 40 42 43 46 49
issue:2026101
01 04 07 12 14 21 37 38 41 46 47
issue:2026100
05 07 08 21 23 24 25 26 36 40 49
