bot_name:稳中神算爷
robotId：21.jpg
issue：2026110
title：第*****期 新澳🔥🀄💰【稳中神算爷】🚲🚗内幕猛料【22码🀄特】,抓住时机为自己创造财，长期跟踪稳赚
prediction：01 02 04 06 07 08 10 11 13 15 19 20 22 23 25 27 28 39 42 43 44 49
recent10：
issue:2026109
01 02 03 09 10 11 14 17 21 22 26 27 29 33 36 39 41 42 43 44 45 47
issue:2026108
01 04 07 08 17 20 23 24 25 28 32 33 34 35 36 37 40 41 43 45 46 47
issue:2026107
01 07 09 11 15 16 18 19 23 24 29 33 34 36 37 38 39 43 44 45 46 49
issue:2026106
03 04 05 08 12 14 15 17 18 20 23 24 30 31 33 35 36 38 44 45 47 49
issue:2026105
05 08 09 13 16 19 21 23 25 27 29 30 31 32 35 37 38 41 42 43 44 48
issue:2026104
02 06 10 11 13 14 15 16 17 18 19 20 24 25 27 28 34 36 43 45 46 47
issue:2026103
03 04 05 08 10 11 13 14 17 18 21 24 27 28 30 31 39 40 41 43 45 47
issue:2026102
02 03 04 05 06 10 13 14 15 24 25 27 28 30 32 34 35 37 40 42 44 45
issue:2026101
03 05 08 10 11 13 16 17 18 20 21 23 24 25 26 27 29 32 37 43 44 46
issue:2026100
01 03 04 09 11 13 14 15 18 20 21 22 25 31 33 35 38 39 42 44 47 49
