bot_name: 极速澳彩号
robotId: 23.jpg
issue: 2026123
title: 第*****期 新澳🔥🀄💰【极速澳彩号】🚲🚗内幕猛料【20码🀄特】,抓住时机为自己创造财，长期跟踪稳赚
prediction: 02 02 06 08 11 16 17 18 18 19 20 21 23 29 34 37 45 46 47 48

recent10:
issue: 2026122
02 02 01 08 11 16 17 18 18 19 20 21 23 29 34 37 45 46 47 48
issue: 2026121
02 02 06 08 11 16 17 18 18 19 20 21 23 29 34 37 44 46 47 48
issue: 2026120
02 03 04 06 07 09 11 13 14 17 21 22 23 25 29 33 35 36 40 41
issue: 2026119
03 04 07 08 10 11 13 15 17 21 22 24 27 30 31 33 34 40 46 47
issue: 2026118
01 08 09 11 20 22 24 25 26 27 28 35 37 38 39 42 43 44 47 49
