bot_name: 顶配稳胆阁
robotId: 24.jpg
issue: 2026110
title: 第*****期 新澳🔥🀄💰【顶配稳胆阁】🚲🚗内幕猛料【7码🀄特】,抓住时机为自己创造财，长期跟踪稳赚
prediction: 08 11 12 14 22 42 02

recent10:
issue: 2026109
09 11 29 36 37 44 49
issue: 2026108
05 07 13 24 27 31 39
issue: 2026107
01 02 07 25 33 34 40
issue: 2026106
04 14 20 27 35 38 49
issue: 2026105
15 16 21 30 31 32 42
issue: 2026104
01 10 15 22 28 35 46
issue: 2026103
03 14 18 33 37 38 41
issue: 2026102
03 05 09 10 16 35 37
issue: 2026101
04 17 21 39 41 44 47
issue: 2026100
13 24 27 32 43 45 48
