bot_name:稳中金码师
robotId：25.jpg
issue：2026110
title：第*****期 新澳🔥🀄💰【稳中金码师】🚲🚗内幕猛料【18码🀄特】,抓住时机为自己创造财，长期跟踪稳赚
prediction：03 04 07 08 09 10 14 26 29 31 32 33 35 36 39 41 45 47
recent10：
issue:2026109
04 05 09 10 11 19 22 23 25 26 28 29 32 37 41 45 46 47
issue:2026108
08 12 13 15 18 22 24 25 26 27 28 29 30 31 32 35 42 47
issue:2026107
01 03 04 06 07 12 17 20 21 23 29 31 32 34 35 41 42 47
issue:2026106
04 06 09 12 13 14 16 18 25 27 31 35 36 39 43 45 47 48
issue:2026105
03 06 11 14 15 20 22 24 27 29 32 34 36 44 46 47 48 49
issue:2026104
02 08 12 14 15 16 18 21 22 24 25 30 35 36 39 41 43 44
issue:2026103
03 05 08 15 17 20 22 25 28 29 30 33 36 37 39 45 46 48
issue:2026102
01 03 06 13 14 17 19 20 23 24 26 32 35 38 40 41 42 48
issue:2026101
02 03 05 08 12 15 19 20 28 29 30 31 34 35 36 37 38 43
issue:2026100
01 02 03 04 13 17 21 26 27 29 33 36 37 40 45 47 48 49
