bot_name: 白天鹅
robotId: 2.jpg
issue: 26110
title: 第*****期 新澳🔥🀄💰【白天鹅】🚲🚗〖18码中特〗长期跟踪纹赚爆庄
prediction: 02 06 07 11 12 13 14 18 21 24 25 26 29 31 32 47 48 49

recent10:
issue: 2026113
02 06 07 11 12 13 14 18 21 24 25 26 29 31 32 47 48 49
issue: 2026112
01 02 09 10 11 16 19 21 22 24 26 32 33 37 40 41 43 49
issue: 2026111
01 02 03 13 17 18 19 20 24 29 30 33 35 36 41 42 48 49
issue: 2026110
01 03 08 10 11 13 16 18 26 27 30 31 34 36 41 45 46 48
issue: 2026109
02 03 05 06 08 09 12 13 15 22 27 28 32 34 36 37 39 49
issue: 2026108
04 09 12 15 17 18 22 23 24 25 26 29 31 32 33 40 41 49
issue: 2026107
01 04 12 15 18 19 20 22 25 26 27 28 34 41 43 46 47 49
issue: 2026106
04 05 06 07 11 22 27 28 29 31 36 37 39 40 42 43 47 48
issue: 2026105
01 03 07 11 14 15 17 18 21 22 25 26 29 32 33 34 35 39
issue: 2026104
02 05 11 12 13 14 15 18 22 25 26 31 38 42 43 44 45 47
