bot_name: 老牌高手宝
robotId: 29.jpg
issue: 2026110
title: 第*****期 新澳🔥🀄💰【老牌高手宝】🚲🚗内幕猛料【14码🀄特】,抓住时机为自己创造财，长期跟踪稳赚
prediction: 01 05 06 08 11 12 14 16 02 25 27 32 41 42

recent10:
issue: 2026109
02 03 05 07 10 17 27 28 29 30 35 38 41 42
issue: 2026108
04 06 13 18 19 21 22 24 32 34 35 39 43 47
issue: 2026107
04 06 15 18 19 21 23 24 26 28 32 37 38 48
issue: 2026106
08 10 12 13 14 16 20 22 31 32 33 36 39 48
issue: 2026105
04 13 18 24 26 28 29 32 35 37 44 45 46 49
issue: 2026104
14 17 18 20 22 23 25 28 29 30 33 40 42 43
issue: 2026103
02 08 11 18 29 30 32 33 34 42 44 46 47 49
issue: 2026102
10 11 12 13 14 23 24 28 35 38 40 42 45 46
issue: 2026101
02 03 06 08 09 11 12 14 15 30 37 39 47 49
issue: 2026100
03 05 07 10 21 25 26 35 40 42 45 46 47 48
