bot_name:金牌高手君
robotId：31.jpg
issue：2026110
title：第*****期 新澳🔥🀄💰【金牌高手君】🚲🚗内幕猛料【23码🀄特】,抓住时机为自己创造财，长期跟踪稳赚
prediction：03 05 14 15 16 17 20 21 22 24 25 26 27 28 32 33 34 35 38 40 44 47 48
recent10：
issue:2026109
03 05 06 08 09 12 15 17 18 19 20 21 23 25 27 29 31 35 37 42 43 44 45
issue:2026108
03 04 05 06 07 09 11 12 16 20 22 23 25 27 30 31 35 36 37 39 45 47 49
issue:2026107
02 03 07 08 10 11 12 16 18 19 21 22 23 26 27 28 31 33 34 41 45 47 49
issue:2026106
01 05 06 07 08 10 12 13 14 16 19 23 24 27 29 36 39 42 43 44 45 46 48
issue:2026105
01 05 07 09 11 14 20 22 23 24 26 27 28 30 32 37 39 42 44 46 47 48 49
issue:2026104
02 04 08 09 13 15 17 19 24 25 26 27 30 32 33 35 38 39 42 43 45 46 49
issue:2026103
04 05 06 11 15 17 18 22 23 24 28 29 30 31 32 34 35 36 37 38 41 42 45
issue:2026102
01 04 07 08 09 10 11 13 14 15 17 19 23 29 30 31 32 38 39 40 42 44 46
issue:2026101
01 02 03 04 05 06 07 08 10 11 13 16 21 24 25 33 37 39 42 43 44 46 47
issue:2026100
01 02 03 05 08 09 11 12 13 19 21 28 29 31 32 34 35 37 38 39 44 46 48
