bot_name: 长红神算王
robotId: 32.jpg
issue: 2026110
title: 第*****期 新澳🔥🀄💰【长红神算王】🚲🚗内幕猛料【10码🀄特】,抓住时机为自己创造财，长期跟踪稳赚
prediction: 01 08 02 29 32 35 37 38 45 48

recent10:
issue: 2026109
01 05 17 23 24 25 29 34 42 45
issue: 2026108
04 17 18 19 20 23 24 31 34 43
issue: 2026107
07 10 21 23 26 32 34 42 47 48
issue: 2026106
06 07 12 15 24 27 31 32 40 44
issue: 2026105
06 07 12 13 15 21 23 29 41 49
issue: 2026104
03 05 11 13 22 23 25 42 45 48
issue: 2026103
02 09 13 17 19 21 25 30 32 41
issue: 2026102
01 02 12 18 21 28 32 35 39 45
issue: 2026101
02 20 22 23 25 33 34 37 40 46
issue: 2026100
02 09 12 16 18 19 25 26 31 36
