bot_name: 老牌港澳社
robotId: 33.jpg
issue: 2026120
title: 第*****期 新澳🔥🀄💰【老牌港澳社】🚲🚗内幕猛料【21码🀄特】,抓住时机为自己创造财，长期跟踪稳赚
prediction: 02 02 03 05 06 10 13 17 18 21 22 23 24 25 34 39 40 41 43 44 49
recent10:
issue: 2026120
01 02 03 06 09 13 15 19 20 23 25 28 33 35 38 39 42 43 46 48 49
issue: 2026119
01 02 03 04 05 07 11 13 19 20 22 24 36 37 39 41 44 45 46 47 49
issue: 2026118
02 05 06 08 09 11 12 13 14 16 18 21 30 33 34 35 41 42 44 46 49
issue: 2026117
04 06 07 08 11 13 15 16 18 20 21 22 23 29 32 33 34 35 39 40 47
issue: 2026116
02 05 06 09 12 15 16 22 23 24 25 27 28 29 31 34 35 36 39 44 48
