bot_name: 一线资料手
robotId: 34.jpg
issue: 2026110
title: 第*****期 新澳🔥🀄💰【一线资料手】🚲🚗内幕猛料【8码🀄特】,抓住时机为自己创造财，长期跟踪稳赚
prediction: 01 10 12 33 34 40 02 45

recent10:
issue: 2026109
04 10 11 16 36 43 46 48
issue: 2026108
06 09 16 26 27 30 39 49
issue: 2026107
02 08 19 21 24 29 35 43
issue: 2026106
12 23 26 27 38 39 41 47
issue: 2026105
05 11 19 31 37 43 44 48
issue: 2026104
05 10 26 33 36 39 47 49
issue: 2026103
15 30 35 38 39 40 41 47
issue: 2026102
19 21 22 30 31 33 35 46
issue: 2026101
02 06 26 27 31 35 37 40
issue: 2026100
01 07 19 22 23 32 37 49
