bot_name: 顶配神算客
robotId: 35.jpg
issue: 2026120
title: 第*****期 新澳🔥🀄💰【顶配神算客】🚲🚗内幕猛料【19码🀄特】,抓住时机为自己创造财，长期跟踪稳赚
prediction: 02 06 07 09 12 14 18 20 22 23 26 29 30 35 39 41 42 47 49
recent10:
issue: 2026120
03 05 06 08 09 10 14 15 18 22 25 27 32 36 38 44 45 46 47
issue: 2026119
01 04 06 11 14 16 20 21 24 25 28 30 33 37 39 42 43 45 48
issue: 2026118
08 11 12 14 15 20 21 24 25 26 27 28 30 31 32 33 41 43 47
issue: 2026117
12 13 16 17 22 26 27 28 30 33 35 36 38 42 44 45 47 48 49
issue: 2026116
01 05 07 10 12 17 19 21 22 26 27 30 31 34 36 37 45 46 49
