bot_name: 老牌特肖阁
robotId: 10.jpg
issue: 2026110
title: 第*****期 新澳🔥🀄💰【老牌特肖阁】🚲🚗内幕猛料【8码🀄特】,抓住时机为自己创造财，长期跟踪稳赚
prediction: 06 12 17 18 32 39 41 47

recent10:
issue: 2026112
04 07 08 09 11 22 32 33
issue: 2026111
05 09 12 21 28 30 40 48
issue: 2026110
17 19 23 29 37 42 48 49
issue: 2026109
06 16 30 33 34 42 48 49
issue: 2026108
02 11 14 21 26 28 36 41
issue: 2026107
12 24 32 39 40 41 43 44
issue: 2026106
09 17 20 25 26 29 36 39
issue: 2026105
05 15 16 20 29 33 34 43
issue: 2026104
08 11 14 19 25 29 33 42
issue: 2026103
01 14 16 22 24 34 36 49
