bot_name: 金牌特肖尊
robotId: 37.jpg
issue: 2026123
title: 第*****期 新澳🔥🀄💰【金牌特肖尊】🚲🚗内幕猛料【17码🀄特】,抓住时机为自己创造财，长期跟踪稳赚
prediction: 01 02 04 06 09 10 11 14 18 20 21 25 26 28 36 43 49

recent10:
issue: 2026122
01 02 04 06 09 10 11 14 18 20 21 25 26 28 36 43 49
issue: 2026121
44 02 04 06 09 10 11 14 18 20 21 25 26 28 36 43 49
issue: 2026120
05 06 08 12 14 15 18 19 23 26 31 35 37 38 43 45 48
issue: 2026119
03 04 06 10 11 14 16 23 25 27 30 35 36 38 41 42 45
issue: 2026118
06 08 12 13 23 27 31 32 33 35 38 42 43 45 47 48 49
