bot_name: 稳中王牌君
robotId: 39.jpg
issue: 2026110
title: 第*****期 新澳🔥🀄💰【稳中王牌君】🚲🚗内幕猛料【15码🀄特】,抓住时机为自己创造财，长期跟踪稳赚
prediction: 04 06 08 11 22 26 28 31 32 33 35 02 41 47 49

recent10:
issue: 2026109
03 06 12 14 15 20 22 25 34 35 36 37 42 45 49
issue: 2026108
01 10 13 14 16 17 18 19 25 29 31 32 39 42 45
issue: 2026107
01 02 04 11 18 24 25 32 33 37 41 43 47 48 49
issue: 2026106
03 04 06 09 10 13 15 20 21 28 34 40 41 48 49
issue: 2026105
07 08 09 13 14 19 22 23 29 30 41 43 45 48 49
issue: 2026104
02 03 04 08 11 13 14 19 27 30 34 41 43 46 49
issue: 2026103
04 05 07 09 10 11 12 15 16 17 34 36 38 39 40
issue: 2026102
01 02 03 04 05 08 14 20 25 26 32 37 40 41 45
issue: 2026101
03 07 08 11 12 13 15 20 25 36 40 42 44 46 47
issue: 2026100
05 06 10 12 14 18 22 25 27 28 30 39 41 43 48
