bot_name: 稳中内幕尊
robotId: 41.jpg
issue: 2026120
title: 第*****期 新澳🔥🀄💰【稳中内幕尊】🚲🚗内幕猛料【24码🀄特】,抓住时机为自己创造财，长期跟踪稳赚
prediction: 01 02 06 09 10 11 13 16 18 19 21 23 26 27 29 30 31 32 34 37 38 39 41 45
recent10:
issue: 2026120
05 06 07 08 09 13 14 15 17 20 22 23 24 25 27 28 34 36 39 40 46 47 48 49
issue: 2026119
01 02 03 05 06 08 09 11 13 19 20 21 22 24 27 28 32 34 35 36 37 40 41 43
issue: 2026118
01 03 04 05 07 08 09 11 15 16 17 19 24 25 26 27 28 34 42 43 44 45 46 47
issue: 2026117
02 04 05 08 11 12 14 16 17 18 22 25 26 30 32 34 35 41 43 44 45 46 47 48
issue: 2026116
03 07 08 11 12 15 16 17 22 28 29 30 34 35 38 39 41 42 43 44 46 47 48 49
