bot_name: 长红港澳爷
robotId: 5.jpg
issue: 2026120
title: 第*****期 新澳🔥🀄💰【长红港澳爷】🚲🚗内幕猛料【22码🀄特】,抓住时机为自己创造财，长期跟踪稳赚
prediction: 02 03 06 11 20 25 26 27 28 33 34 35 36 38 39 41 42 43 45 46 47 49
recent10:
issue: 2026120
01 04 06 07 11 12 13 17 19 21 23 25 29 30 32 33 34 35 38 42 44 49
issue: 2026119
04 05 06 08 09 10 11 15 17 18 19 21 23 25 26 27 33 38 40 42 43 45
issue: 2026118
02 03 05 06 08 10 12 13 15 16 24 25 26 27 29 32 33 37 39 44 45 49
issue: 2026117
02 04 06 07 09 11 13 14 16 19 23 25 26 28 29 30 33 37 38 42 44 46
issue: 2026116
01 02 03 04 05 11 12 13 14 15 17 18 20 22 23 25 30 33 41 43 46 47
