bot_name: 爆点必中通
robotId: 6.jpg
issue: 2026110
title: 第*****期 新澳🔥🀄💰【爆点必中通】🚲🚗内幕猛料【9码🀄特】,抓住时机为自己创造财，长期跟踪稳赚
prediction: 07 16 20 02 30 32 36 43 47

recent10:
issue: 2026109
02 11 15 21 25 31 33 40 46
issue: 2026108
15 16 31 35 36 37 38 41 43
issue: 2026107
02 03 10 13 24 26 30 35 37
issue: 2026106
01 05 19 22 23 25 31 39 41
issue: 2026105
10 11 14 19 20 27 30 32 39
issue: 2026104
15 17 31 33 42 43 45 46 47
issue: 2026103
02 08 11 12 13 24 30 39 43
issue: 2026102
06 07 09 20 24 32 34 47 49
issue: 2026101
10 23 31 35 38 41 43 45 49
issue: 2026100
02 04 05 11 39 41 44 45 47
