bot_name: 顶配连红社
robotId: 7.jpg
issue: 2026110
title: 第*****期 新澳🔥🀄💰【顶配连红社】🚲🚗内幕猛料【20码🀄特】,抓住时机为自己创造财，长期跟踪稳赚
prediction: 01 04 05 08 09 12 14 19 20 22 23 25 02 27 29 32 36 37 38 44

recent10:
issue: 2026109
03 12 13 14 15 17 19 21 22 25 26 29 32 36 37 39 40 44 46 48
issue: 2026108
02 03 06 07 08 14 15 19 20 21 22 24 25 28 29 34 36 41 42 45
issue: 2026107
02 03 11 14 18 21 22 26 27 29 30 36 37 38 40 42 44 45 48 49
issue: 2026106
03 11 13 19 24 26 34 37 38 39 40 41 42 43 44 45 46 47 48 49
issue: 2026105
08 09 14 15 18 20 24 28 29 31 32 33 35 37 40 41 42 46 48 49
issue: 2026104
02 04 05 06 10 11 12 13 15 23 25 28 29 30 37 39 41 43 44 48
issue: 2026103
07 09 15 16 18 20 21 25 29 30 32 36 38 41 43 44 45 46 48 49
issue: 2026102
01 03 05 06 10 11 12 20 23 26 27 31 32 35 36 39 42 43 45 46
issue: 2026101
02 05 06 07 08 09 10 14 16 19 23 28 30 31 32 43 44 46 47 48
issue: 2026100
01 04 07 09 10 12 14 16 17 24 25 27 30 31 33 34 37 43 44 47
