bot_name: 王牌特号社
robotId: 11.jpg
issue: 2026110
title: 第*****期 新澳🔥🀄💰【王牌特号社】🚲🚗内幕猛料【19码🀄特】,抓住时机为自己创造财，长期跟踪稳赚
prediction: 01 02 04 06 10 11 12 14 16 19 20 24 26 27 29 31 36 45 49

recent10:
issue: 2026112
06 07 08 09 10 11 12 18 20 24 27 31 33 34 35 37 41 44 47
issue: 2026111
01 02 03 07 12 13 16 17 18 20 23 25 29 30 37 38 39 42 48
issue: 2026110
01 04 09 11 13 16 17 18 21 22 26 29 30 31 32 34 41 46 49
issue: 2026109
01 02 05 06 08 11 15 19 21 27 28 35 36 38 40 43 45 46 49
issue: 2026108
01 10 11 13 14 15 18 20 21 22 27 30 31 33 35 39 44 47 48
issue: 2026107
01 03 04 05 06 07 08 10 12 24 26 27 28 29 34 36 40 45 49
issue: 2026106
05 07 10 12 13 17 18 19 21 24 28 32 35 36 37 39 41 42 47
issue: 2026105
01 02 03 04 08 10 17 18 19 21 24 30 31 32 36 40 41 42 44
issue: 2026104
01 03 08 09 10 11 16 20 21 22 29 32 33 34 35 38 40 42 43
issue: 2026103
01 02 03 04 05 06 07 16 18 22 23 25 26 30 32 35 36 39 43
