bot_name: 老牌港澳宝
robotId: 9.jpg
issue: 2026110
title: 第*****期 新澳🔥🀄💰【老牌港澳宝】🚲🚗内幕猛料【7码🀄特】,抓住时机为自己创造财，长期跟踪稳赚
prediction: 03 02 11 17 28 36 48

recent10:
issue: 2026109
03 10 24 25 30 40 46
issue: 2026108
04 05 13 18 34 47 48
issue: 2026107
06 13 19 20 24 37 40
issue: 2026106
03 05 09 10 14 32 35
issue: 2026105
02 04 12 14 18 21 30
issue: 2026104
08 18 19 22 25 38 49
issue: 2026103
09 11 14 15 20 24 29
issue: 2026102
06 16 18 30 33 48 49
issue: 2026101
01 12 17 23 37 44 46
issue: 2026100
02 04 13 16 29 30 45
