bot_name: 一线高手手
robotId: 10.jpg
issue: 2026123
title: 第*****期 新澳🔥🀄💰【一线高手手】🚲🚗内幕猛料【18码🀄特】,抓住时机为自己创造财，长期跟踪稳赚
prediction: 01 02 06 20 24 25 26 30 31 36 37 42 43 44 45 46 47 48

recent10:
issue: 2026122
01 02 06 20 24 25 26 30 31 36 37 42 43 44 45 46 47 48
issue: 2026121
01 02 06 20 24 25 26 30 31 36 37 42 43 44 45 46 47 48
issue: 2026120
02 06 08 09 11 13 14 16 18 23 24 25 27 38 40 43 48 49
issue: 2026119
04 07 10 11 12 13 17 22 23 31 32 34 36 38 42 44 48 49
issue: 2026118
03 08 09 11 12 14 16 17 18 20 26 28 30 32 37 39 48 49
