bot_name: 一线澳彩手
robotId: 13.jpg
issue: 2026123
title: 第*****期 新澳🔥🀄💰【一线澳彩手】🚲🚗内幕猛料【17码🀄特】,抓住时机为自己创造财，长期跟踪稳赚
prediction: 02 04 06 07 08 09 14 18 20 21 22 25 32 34 44 46 49

recent10:
issue: 2026122
02 04 06 07 08 09 14 18 20 21 01 25 32 34 44 46 49
issue: 2026121
02 04 06 07 08 09 14 18 20 21 22 25 32 34 44 46 49
issue: 2026120
03 04 06 08 09 10 16 18 19 24 26 28 30 34 38 39 46
issue: 2026119
02 03 07 08 11 12 20 21 23 24 25 27 33 46 47 48 49
issue: 2026118
03 07 08 09 13 14 16 21 23 26 27 28 31 33 36 39 43
