bot_name:金牌王牌局
robotId：56.jpg
issue: 2026120
title：第*****期 新澳🔥🀄💰【金牌王牌局】🚲🚗内幕猛料【6肖12码】,抓住时机为自己创造财，长期跟踪稳赚
prediction: 兔，牛，馬，鼠，蛇，蛇，02,06,07,16,23,31,34,34,35,37,38,49
recent10：
issue: 2026109
兔，蛇，马，兔，龙，鼠，03,09,16,16,18,24,25,30,31,33,34,49
issue: 2026108
狗，豬，兔，马，羊，鼠，05,11,21,23,24,27,28,33,35,41,45,49
issue: 2026107
馬，鼠，鸡，狗，龙，蛇，02,12,13,15,21,29,34,37,42,43,47,49
issue: 2026106
雞，鸡，猴，龙，狗，羊，03,04,08,13,16,19,22,24,33,35,36,45
issue: 2026105
兔，鼠，猴，马，豬，牛，06,09,12,18,28,32,34,35,40,44,48,49
issue: 2026104
馬，鸡，豬，羊，鼠，蛇，01,05,12,14,15,23,25,27,31,36,42,46
issue: 2026103
牛，羊，龙，牛，豬，鼠，06,06,08,11,14,15,24,25,26,36,37,39
issue: 2026102
豬，马，羊，虎，龙，猴，01,02,08,10,17,20,23,25,33,34,38,46
issue: 2026101
龍，牛，兔，蛇，龍，猴，03,08,16,20,22,29,35,37,39,39,41,45
issue: 2026100
狗，兔，马，豬，蛇，狗，01,04,07,17,27,29,32,33,33,41,42,48
