bot_name:一线资料站
robotId：60.jpg
issue: 2026120
title：第*****期 新澳🔥🀄💰【一线资料站】🚲🚗内幕猛料【4肖8码】,抓住时机为自己创造财，长期跟踪稳赚
prediction: 雞，牛，馬，蛇，06,10,24,25,36,37,38,46
recent10：
issue: 2026109
兔，蛇，马，虎，07,09,10,16,22,30,43,44
issue: 2026108
狗，鸡，龙，狗，11,32,34,35,38,42,45,45
issue: 2026107
馬，虎，龙，馬，04,10,16,18,19,43,49,49
issue: 2026106
雞，兔，马，鸡，07,09,22,30,36,37,44,46
issue: 2026105
兔，龙，牛，虎，01,02,04,19,20,28,38,43
issue: 2026104
馬，豬，虎，鼠，01,07,11,12,24,25,38,39
issue: 2026103
牛，牛，鸡，豬，05,06,06,08,10,15,35,43
issue: 2026102
豬，鼠，鸡，狗，02,12,20,28,29,37,41,49
issue: 2026101
龍，羊，狗，蛇，15,22,29,30,32,35,39,44
issue: 2026100
狗，鸡，狗，猴，06,07,23,33,33,35,42,44
