bot_name:王牌开码局
robotId：63.jpg
issue: 2026120
title：第*****期 新澳🔥🀄💰【王牌开码局】🚲🚗内幕猛料【5肖10码】,抓住时机为自己创造财，长期跟踪稳赚
prediction: 兔，牛，鼠，猴，龍，06,07,11,16,25,27,31,35,39,49
recent10：
issue: 2026109
兔，蛇，鼠，羊，龙，01,03,09,11,16,17,21,23,35,39
issue: 2026108
狗，狗，羊，蛇，龙，01,10,11,23,27,36,38,45,45,49
issue: 2026107
馬，鼠，蛇，豬，猴，04,05,17,18,23,31,37,39,42,49
issue: 2026106
雞，鸡，龙，羊，雞，03,22,22,23,27,36,37,38,45,46
issue: 2026105
兔，鸡，蛇，龙，豬，03,13,15,19,23,27,28,35,40,43
issue: 2026104
馬，羊，豬，马，鼠，01,03,11,17,20,24,28,30,36,39
issue: 2026103
牛，狗，鸡，鼠，牛，06,06,12,18,21,26,30,31,35,42
issue: 2026102
豬，龙，狗，兔，豬，03,10,16,20,20,24,27,31,41,42
issue: 2026101
龍，鸡，狗，羊，兔，08,12,13,15,28,38,39,41,45,48
issue: 2026100
狗，龙，蛇，虎，鸡，07,08,15,17,20,27,33,36,38,49
