bot_name:顶配生肖阁
robotId：50.jpg
issue: 2026120
title：第*****期 新澳🔥🀄💰【顶配生肖阁】🚲🚗内幕猛料【4肖8码】,抓住时机为自己创造财，长期跟踪稳赚
prediction: 狗，鼠，鼠，龍，06,15,19,20,33,35,39,43
recent10：
issue: 2026109
兔，狗，鸡，豬，05,16,17,20,23,26,29,33
issue: 2026108
狗，鸡，狗，牛，01,06,08,25,27,45,45,47
issue: 2026107
馬，虎，蛇，馬，03,15,21,30,31,35,49,49
issue: 2026106
雞，猴，虎，豬，11,12,22,28,39,40,45,47
issue: 2026105
兔，鸡，鼠，牛，01,04,14,16,25,28,35,45
issue: 2026104
馬，马，豬，兔，01,03,13,15,17,18,40,41
issue: 2026103
牛，豬，蛇，羊，06,08,11,16,22,26,33,42
issue: 2026102
豬，牛，蛇，龙，02,04,10,15,20,21,23,48
issue: 2026101
龍，豬，龍，蛇，09,13,17,20,35,39,39,45
issue: 2026100
狗，牛，蛇，兔，07,15,22,24,32,33,33,34
