bot_name:顶配澳门社
robotId：53.jpg
issue: 2026120
title：第*****期 新澳🔥🀄💰【顶配澳门社】🚲🚗内幕猛料【5肖10码】,抓住时机为自己创造财，长期跟踪稳赚
prediction: 牛，雞，雞，龍，猴，06,07,10,15,19,23,24,29,34,35
recent10：
issue: 2026109
兔，羊，鼠，虎，狗，06,09,11,15,16,26,34,36,40,44
issue: 2026108
狗，牛，羊，马，猴，04,09,16,17,18,25,27,45,45,47
issue: 2026107
馬，馬，羊，龙，马，04,12,13,15,28,29,36,42,44,49
issue: 2026106
雞，雞，虎，狗，蛇，02,08,10,21,22,23,31,40,41,49
issue: 2026105
兔，豬，龙，鼠，羊，04,06,09,12,19,20,23,26,28,48
issue: 2026104
馬，鸡，狗，鼠，兔，01,04,06,10,14,16,26,34,43,46
issue: 2026103
牛，马，羊，兔，鸡，04,06,07,08,20,27,29,38,41,44
issue: 2026102
豬，鸡，龙，牛，蛇，02,04,09,14,20,32,40,46,47,48
issue: 2026101
龍，龙，鼠，狗，马，03,04,12,24,25,28,39,44,45,48
issue: 2026100
狗，马，龙，鼠，狗，08,25,29,33,33,34,37,40,43,45
