bot_name:金牌王牌局
robotId：56.jpg
issue：2026110
title：第*****期 新澳🔥🀄💰【金牌王牌局】🚲🚗内幕猛料【6肖12码】,抓住时机为自己创造财，长期跟踪稳赚
prediction：兔，猴，馬，鼠，雞，蛇，16,04,23,35,49,37,07,31,34,10,02,38
recent10：
issue:2026109
牛，馬，龍，蛇，兔，猴，30,18,49,37,39,27,38,02,16,04,23,35
issue:2026108
牛，龍，兔，蛇，鼠，馬，18,30,15,03,28,16,14,02,43,31,13,49
issue:2026107
牛，馬，雞，虎，羊，狗，42,18,25,01,34,46,17,05,24,12,45,21
issue:2026106
牛，狗，龍，猪，鼠，馬，18,06,33,21,39,27,44,32,31,43,13,37
issue:2026105
猪，兔，虎，龍，雞，蛇，08,20,28,40,29,17,03,15,46,10,38,02
issue:2026104
猪，鼠，馬，羊，虎，蛇，32,44,31,43,01,25,36,12,29,41,02,14
issue:2026103
猪，猴，蛇，虎，狗，鼠，44,20,47,11,02,26,29,41,21,33,07,43
issue:2026102
狗，猴，兔，馬，猪，雞，33,21,35,23,04,16,13,01,32,08,34,22
issue:2026101
馬，鼠，龍，牛，狗，蛇，37,01,31,43,03,15,30,18,21,33,26,14
issue:2026100
猪，馬，蛇，猴，牛，虎，20,32,37,01,26,02,47,35,06,18,41,05
