bot_name:一线资料站
robotId：60.jpg
issue：2026110
title：第*****期 新澳🔥🀄💰【一线资料站】🚲🚗内幕猛料【4肖8码】,抓住时机为自己创造财，长期跟踪稳赚
prediction：雞，羊，馬，蛇，10,46,24,36,37,25,38,14
recent10：
issue: 2026109
兔，蛇，狗，猪，16,29,38,14,09,21,44,32
issue: 2026108
狗，龍，羊，牛，45,46,27,39,12,36,06,18
issue: 2026107
馬，狗，猪，雞，49,39,33,45,08,32,34,22
issue: 2026106
龍，雞，猴，狗，22,27,46,10,47,23,45,21
issue: 2026105
兔，虎，猪，雞，28,45,41,17,44,08,46,34
issue: 2026104
馬，蛇，鼠，兔，01,17,38,02,19,07,04,16
issue: 2026103
牛，羊，雞，龍，06,37,12,24,10,46,15,39
issue: 2026102
豬，狗，鼠，牛，20,37,21,33,19,07,42,18
issue: 2026101
龍，牛，狗，蛇，15,39,42,06,33,21,02,14
issue: 2026100
狗，鼠，雞，羊，33,44,31,07,34,22,48,36
