bot_name:王牌开码局
robotId：63.jpg
issue：2026110
title：第*****期 新澳🔥🀄💰【王牌开码局】🚲🚗内幕猛料【5肖10码】,抓住时机为自己创造财，长期跟踪稳赚
prediction：兔，馬，鼠，猴，龍，28,16,49,25,07,31,11,35,39,27
recent10：
issue: 2026109
蛇，兔，猪，猴，羊，16,14,28,40,44,32,47,35,36,48
issue: 2026108
狗，虎，馬，龍，蛇，45,21,29,05,25,13,27,15,26,14
issue: 2026107
馬，羊，龍，牛，鼠，49,21,24,48,27,39,06,18,07,31
issue: 2026106
龍，牛，雞，馬，狗，27,03,42,18,22,46,37,01,33,21
issue: 2026105
猴，雞，蛇，牛，兔，11,23,10,46,02,14,30,18,28,16
issue: 2026104
馬，猪，雞，蛇，鼠，01,13,08,44,22,34,14,26,07,43
issue: 2026103
牛，虎，猴，狗，鼠，06,12,17,29,11,35,09,33,31,19
issue: 2026102
豬，虎，蛇，狗，羊，20,25,17,05,02,38,21,33,12,36
issue: 2026101
雞，鼠，猪，龍，狗，22,46,07,31,44,20,03,39,09,33
issue: 2026100
狗，雞，蛇，兔，牛，33,21,34,46,26,02,28,04,42,18
