bot_name:顶配生肖阁
robotId：50.jpg
issue：2026110
title：第*****期 新澳🔥🀄💰【顶配生肖阁】🚲🚗内幕猛料【4肖8码】,抓住时机为自己创造财，长期跟踪稳赚
prediction：狗，鼠，猪，龍，21,33,19,43,44,20,15,39
recent10：
issue: 2026109
兔，猴，羊，雞，16,38,47,35,36,24,22,34
issue: 2026108
雞，馬，牛，狗，45,34,25,49,06,18,09,21
issue: 2026107
狗，虎，龍，馬，09,45,29,05,03,39,49,13
issue: 2026106
雞，鼠，兔，猴，22,24,07,31,28,16,35,23
issue: 2026105
兔，猪，雞，馬，28,35,20,32,22,34,49,25
issue: 2026104
牛，狗，兔，馬，01,06,09,33,16,40,13,37
issue: 2026103
牛，羊，馬，雞，06,33,24,48,25,37,10,46
issue: 2026102
豬，兔，雞，龍，20,18,40,16,46,10,39,15
issue: 2026101
龍，鼠，馬，狗，39,34,31,43,49,25,33,45
issue: 2026100
狗，虎，龍，牛，33,38,41,17,39,27,42,18
