bot_name:顶配澳门社
robotId：53.jpg
issue：2026110
title：第*****期 新澳🔥🀄💰【顶配澳门社】🚲🚗内幕猛料【5肖10码】,抓住时机为自己创造财，长期跟踪稳赚
prediction：虎，鼠，雞，龍，猴，29,05,07,19,10,34,15,03,23,35
recent10：
issue:2026109
蛇，雞，兔，羊，牛，38,14,10,22,40,16,36,24,30,18
issue:2026108
兔，狗，雞，龍，蛇，16,28,21,45,46,10,39,27,14,26
issue:2026107
猪，羊，鼠，龍，虎，32,08,36,12,19,43,39,27,41,17
issue:2026106
虎，鼠，雞，牛，龍，29,41,07,31,22,34,30,18,03,27
issue:2026105
馬，牛，猪，狗，羊，37,25,06,18,44,32,21,09,24,12
issue:2026104
龍，蛇，雞，鼠，猪，03,39,26,02,22,10,31,07,08,20
issue:2026103
兔，牛，蛇，狗，羊，40,28,42,18,26,14,33,21,24,36
issue:2026102
牛，蛇，虎，馬，狗，18,06,38,26,29,17,01,37,09,33
issue:2026101
猴，蛇，兔，龍，鼠，11,47,14,02,40,28,27,03,07,43
issue:2026100
猴，牛，狗，雞，羊，11,23,30,42,09,21,10,22,12,48
