bot_name:长红内幕尊
robotId：18.jpg
issue：2026110
title：第*****期 新澳🔥🀄💰【长红内幕尊】🚲🚗内幕猛料【13码🀄特】,抓住时机为自己创造财，长期跟踪稳赚
prediction：01 04 05 15 25 26 29 34 40 41 44 45 49
recent10：
issue:2026109
16 17 20 21 22 30 37 39 42 43 44 45 49
issue:2026108
07 08 15 19 26 27 31 34 37 39 43 46 48
issue:2026107
05 11 12 14 15 16 24 33 34 35 41 42 49
issue:2026106
01 17 21 23 27 28 29 30 34 38 42 44 45
issue:2026105
02 05 06 10 13 17 22 26 31 32 33 36 43
issue:2026104
01 04 05 07 09 15 20 30 35 41 42 47 48
issue:2026103
03 08 10 18 19 20 24 27 33 37 41 45 46
issue:2026102
03 04 15 16 22 23 24 28 30 34 38 44 46
issue:2026101
04 10 13 17 20 27 29 30 31 32 43 44 47
issue:2026100
04 14 18 20 24 25 31 36 38 42 43 46 48
