bot_name:王牌澳彩堂
robotId：19.jpg
issue：2026110
title：第*****期 新澳🔥🀄💰【王牌澳彩堂】🚲🚗内幕猛料【24码🀄特】,抓住时机为自己创造财，长期跟踪稳赚
prediction：01 02 04 05 08 09 12 14 15 16 17 21 22 23 25 30 33 35 36 37 40 41 48 49
recent10：
issue:2026109
04 05 07 08 09 10 11 14 15 17 18 19 20 22 24 25 27 30 31 32 36 38 44 46
issue:2026108
01 03 04 08 09 10 11 13 14 15 16 18 20 21 23 26 34 35 36 37 44 46 47 49
issue:2026107
02 05 07 09 11 12 13 15 17 20 26 27 28 31 32 34 35 38 39 41 42 43 45 48
issue:2026106
01 03 04 07 10 11 13 15 16 21 24 25 26 28 31 33 34 36 38 39 41 44 46 47
issue:2026105
02 03 04 09 10 11 12 17 19 20 23 25 27 28 34 37 38 40 42 43 45 47 48 49
issue:2026104
03 04 06 12 13 14 15 16 17 18 19 20 24 27 32 34 35 36 38 40 41 43 46 49
issue:2026103
03 05 06 10 11 15 17 19 23 24 26 28 31 32 33 35 36 37 38 41 42 44 47 48
issue:2026102
01 03 04 05 08 11 12 13 17 18 24 26 27 28 29 31 33 36 37 39 42 43 47 49
issue:2026101
02 03 04 05 09 10 12 13 15 17 23 24 25 26 32 33 34 35 38 40 41 42 43 47
issue:2026100
05 07 08 09 11 12 14 15 20 23 24 26 30 31 32 33 34 35 38 39 40 44 45 48
