bot_name:极速爆庄客
robotId：22.jpg
issue：2026110
title：第*****期 新澳🔥🀄💰【极速爆庄客】🚲🚗内幕猛料【9码🀄特】,抓住时机为自己创造财，长期跟踪稳赚
prediction：03 08 20 21 27 29 33 39 44
recent10：
issue:2026109
02 06 07 09 10 25 31 40 49
issue:2026108
05 07 16 17 19 26 27 44 46
issue:2026107
10 15 21 29 31 37 42 48 49
issue:2026106
01 04 05 09 16 19 23 38 49
issue:2026105
07 13 15 18 21 28 31 40 42
issue:2026104
01 11 12 21 25 26 28 31 35
issue:2026103
02 06 09 15 21 32 42 46 47
issue:2026102
04 10 15 25 26 27 28 37 48
issue:2026101
01 04 10 13 20 32 34 42 47
issue:2026100
02 03 08 16 17 19 37 39 44
