bot_name:极速澳彩号
robotId：23.jpg
issue：2026110
title：第*****期 新澳🔥🀄💰【极速澳彩号】🚲🚗内幕猛料【20码🀄特】,抓住时机为自己创造财，长期跟踪稳赚
prediction：02 05 08 11 13 16 17 18 19 20 21 23 29 34 37 44 45 46 47 48
recent10：
issue:2026109
05 08 11 12 15 17 18 19 20 22 25 28 30 35 39 40 42 46 47 48
issue:2026108
01 02 06 07 10 11 14 22 23 24 31 32 34 35 36 37 39 41 43 45
issue:2026107
01 04 05 06 09 10 12 16 20 25 27 29 30 31 36 41 42 46 47 49
issue:2026106
01 03 09 12 13 14 15 18 21 22 24 25 27 29 30 37 40 41 42 43
issue:2026105
03 05 06 07 08 12 14 17 19 20 21 23 24 27 29 32 38 39 42 44
issue:2026104
03 10 13 14 16 17 18 19 23 24 25 26 32 34 36 38 39 45 48 49
issue:2026103
01 04 06 07 09 11 12 18 19 20 21 24 28 30 31 34 41 44 45 48
issue:2026102
02 04 05 07 10 13 15 16 17 20 24 25 26 37 40 42 45 46 47 49
issue:2026101
02 06 07 08 09 10 12 20 22 25 28 31 35 38 40 41 42 46 47 49
issue:2026100
02 03 05 07 08 13 15 16 17 19 21 22 28 29 31 33 36 39 41 45
