bot_name:金牌波色站
robotId：27.jpg
issue：2026110
title：第*****期 新澳🔥🀄💰【金牌波色站】🚲🚗内幕猛料【16码🀄特】,抓住时机为自己创造财，长期跟踪稳赚
prediction：11 15 22 23 24 25 30 32 34 37 39 40 42 43 44 46
recent10：
issue:2026109
01 02 14 16 18 20 21 22 24 27 34 37 39 40 44 47
issue:2026108
04 10 11 12 15 19 21 23 24 32 33 37 38 39 42 47
issue:2026107
04 08 09 12 15 16 21 23 26 27 37 40 43 45 47 48
issue:2026106
03 04 07 09 12 14 17 22 23 26 30 36 40 41 44 49
issue:2026105
02 07 08 11 13 17 18 25 29 30 33 35 40 43 45 49
issue:2026104
01 02 11 12 13 15 16 19 24 26 34 36 37 42 44 45
issue:2026103
03 04 12 13 14 15 17 18 20 21 28 30 31 32 36 39
issue:2026102
01 02 03 05 06 07 08 19 22 23 24 30 36 41 47 48
issue:2026101
02 03 04 06 07 13 18 28 29 36 38 40 41 45 46 48
issue:2026100
02 07 10 11 14 17 18 20 22 23 24 26 27 31 40 44
