bot_name:稳中澳彩师
robotId：30.jpg
issue：2026110
title：第*****期 新澳🔥🀄💰【稳中澳彩师】🚲🚗内幕猛料【12码🀄特】,抓住时机为自己创造财，长期跟踪稳赚
prediction：01 03 04 07 14 15 19 40 44 45 47 49
recent10：
issue:2026109
04 09 10 13 14 20 21 31 35 44 45 49
issue:2026108
01 05 07 11 19 21 24 36 38 40 46 49
issue:2026107
01 13 14 16 19 30 34 36 38 40 42 48
issue:2026106
05 08 15 21 24 27 30 32 34 42 46 47
issue:2026105
01 13 16 18 20 22 25 27 29 30 32 39
issue:2026104
02 08 11 13 16 17 18 22 26 34 46 49
issue:2026103
05 07 08 12 13 20 24 40 41 43 45 48
issue:2026102
01 02 03 04 06 07 12 21 24 29 41 47
issue:2026101
05 07 09 12 13 31 37 38 43 46 47 48
issue:2026100
03 07 11 13 14 15 23 27 35 39 41 42
