bot_name:老牌港澳社
robotId：33.jpg
issue：2026110
title：第*****期 新澳🔥🀄💰【老牌港澳社】🚲🚗内幕猛料【21码🀄特】,抓住时机为自己创造财，长期跟踪稳赚
prediction：02 03 04 05 10 13 18 21 22 23 24 25 32 34 39 40 41 43 44 48 49
recent10：
issue:2026109
02 03 04 09 11 14 15 16 21 22 24 27 29 30 31 37 39 42 45 46 47
issue:2026108
01 04 05 07 08 10 11 12 18 19 23 25 33 35 39 40 41 42 43 47 49
issue:2026107
03 05 06 09 10 13 15 17 18 19 20 22 26 29 31 33 34 37 45 47 48
issue:2026106
09 10 12 13 14 15 21 24 25 30 31 32 37 40 41 42 43 44 45 48 49
issue:2026105
08 10 12 13 18 19 20 23 24 25 26 27 28 29 32 41 43 46 47 48 49
issue:2026104
01 02 07 11 12 14 15 16 20 24 26 27 28 34 37 42 43 44 46 47 48
issue:2026103
07 08 10 11 14 17 19 20 21 25 27 29 34 35 37 39 40 41 44 46 49
issue:2026102
04 05 06 10 12 13 15 22 26 27 29 31 33 34 35 38 39 41 45 46 47
issue:2026101
01 02 07 11 13 14 16 17 21 22 23 27 30 32 37 39 40 43 44 46 49
issue:2026100
01 06 12 13 14 16 17 19 21 22 25 27 30 31 33 35 37 41 42 43 44
