bot_name:金牌特肖尊
robotId：37.jpg
issue：2026110
title：第*****期 新澳🔥🀄💰【金牌特肖尊】🚲🚗内幕猛料【17码🀄特】,抓住时机为自己创造财，长期跟踪稳赚
prediction：01 02 04 06 09 10 11 14 18 20 21 25 26 28 36 43 49
recent10：
issue:2026109
01 02 03 10 17 18 20 21 22 23 25 27 30 33 39 44 46
issue:2026108
01 03 06 08 15 16 19 20 23 24 26 29 30 36 37 38 48
issue:2026107
01 02 07 09 10 11 12 14 24 26 27 33 38 40 41 45 47
issue:2026106
03 04 05 12 17 22 23 26 27 30 31 33 35 39 41 45 49
issue:2026105
01 03 14 15 16 18 21 22 26 27 28 30 31 36 39 44 45
issue:2026104
03 07 12 14 22 25 26 29 31 35 37 38 41 42 44 45 49
issue:2026103
02 05 06 11 14 18 22 25 26 27 28 29 32 37 42 44 48
issue:2026102
02 03 07 10 11 14 15 21 24 27 30 31 34 35 38 46 48
issue:2026101
02 03 05 06 09 10 12 19 22 28 37 43 44 45 46 47 49
issue:2026100
02 05 06 07 08 10 12 23 24 26 27 28 30 33 41 44 48
