bot_name:金牌神算王
robotId：40.png
issue：2026110
title：第*****期 新澳🔥🀄💰【金牌神算王】🚲🚗内幕猛料【13码🀄特】,抓住时机为自己创造财，长期跟踪稳赚
prediction：08 12 13 20 22 27 33 34 35 37 40 45 49
recent10：
issue:2026109
02 03 12 18 21 23 24 27 30 36 40 42 48
issue:2026108
01 04 06 13 17 19 22 27 33 40 44 45 47
issue:2026107
02 04 13 15 16 28 30 31 32 38 42 47 49
issue:2026106
02 03 05 09 10 15 16 19 23 35 36 43 47
issue:2026105
01 06 19 23 24 28 32 33 34 38 43 46 47
issue:2026104
02 05 07 11 13 14 21 28 29 33 37 38 40
issue:2026103
01 05 14 15 17 23 30 33 35 39 41 42 43
issue:2026102
01 03 04 12 18 21 24 25 28 34 37 41 44
issue:2026101
01 03 06 15 16 17 27 29 34 35 42 43 44
issue:2026100
10 13 14 19 22 26 34 35 36 42 44 45 46
