bot_name:稳中内幕尊
robotId：41.jpg
issue：2026110
title：第*****期 新澳🔥🀄💰【稳中内幕尊】🚲🚗内幕猛料【24码🀄特】,抓住时机为自己创造财，长期跟踪稳赚
prediction：01 02 06 09 10 11 13 16 18 19 21 23 26 27 29 30 31 32 34 37 38 39 41 45
recent10：
issue:2026109
01 02 05 07 11 12 13 16 21 23 26 29 30 31 32 33 36 37 38 39 40 42 45 48
issue:2026108
01 02 03 04 06 07 10 11 12 17 20 21 24 26 29 32 33 35 39 40 42 46 47 48
issue:2026107
01 02 03 04 05 08 11 15 16 17 18 21 22 28 29 32 35 40 41 42 46 47 48 49
issue:2026106
01 02 05 07 08 09 13 14 15 17 22 23 24 27 28 29 30 31 32 33 41 43 44 45
issue:2026105
01 03 08 09 10 11 12 13 14 20 21 22 24 25 26 27 30 32 35 40 41 42 44 46
issue:2026104
01 04 06 07 11 16 17 18 20 21 23 24 26 29 32 33 36 37 39 41 43 45 48 49
issue:2026103
01 04 06 08 11 13 14 17 19 20 21 23 25 26 28 29 32 33 34 35 36 38 43 45
issue:2026102
01 04 07 10 11 13 14 15 19 20 22 23 24 26 28 32 33 34 35 38 39 41 44 48
issue:2026101
03 04 07 11 15 16 19 20 22 23 24 25 28 31 32 33 35 36 38 40 44 46 47 49
issue:2026100
02 04 05 06 11 12 14 16 18 20 21 22 24 25 28 30 31 32 33 34 35 38 39 41
