bot_name:王牌手
robotId：42.jpg
issue：2026110
title：第*****期 新澳🔥🀄💰【王牌手】🚲🚗内幕猛料【11码🀄特】,抓住时机为自己创造财，长期跟踪稳赚
prediction：02 04 10 12 14 17 21 23 27 39 46
recent10：
issue:2026109
01 04 05 07 14 17 21 28 29 40 46
issue:2026108
01 04 11 12 16 21 23 24 30 33 49
issue:2026107
03 11 15 19 21 25 28 31 38 42 46
issue:2026106
02 03 07 12 14 18 19 24 29 31 41
issue:2026105
01 02 09 12 13 19 25 26 31 33 48
issue:2026104
01 04 12 17 21 22 32 35 37 42 49
issue:2026103
06 09 14 20 21 22 32 39 41 42 48
issue:2026102
03 08 11 15 39 40 42 43 45 46 47
issue:2026101
03 09 14 19 23 24 29 35 38 46 49
issue:2026100
04 08 09 20 21 23 24 28 30 33 45
