bot_name:长红港澳爷
robotId：5.jpg
issue：2026110
title：第*****期 新澳🔥🀄💰【长红港澳爷】🚲🚗内幕猛料【22码🀄特】,抓住时机为自己创造财，长期跟踪稳赚
prediction：03 06 11 18 20 25 26 27 28 33 34 35 36 37 38 39 42 43 45 46 47 49
recent10：
issue:2026109
02 07 08 11 14 16 19 20 21 24 25 27 28 31 32 35 36 40 41 42 44 49
issue:2026108
05 06 07 10 13 14 16 18 21 27 30 31 32 33 34 35 37 40 42 45 48 49
issue:2026107
01 02 03 04 08 13 17 19 21 23 24 25 28 31 32 34 38 39 42 45 47 48
issue:2026106
01 03 04 05 12 13 16 18 21 24 28 31 33 34 35 38 39 40 41 43 45 46
issue:2026105
02 03 06 07 09 11 12 13 15 16 21 22 23 26 31 37 40 42 46 47 48 49
issue:2026104
01 02 05 09 12 13 17 18 20 22 24 27 29 30 32 33 38 40 42 43 45 48
issue:2026103
04 05 06 10 11 12 17 19 23 27 28 29 35 36 39 40 42 43 44 45 46 47
issue:2026102
01 02 03 07 10 11 14 16 21 23 24 25 30 31 32 33 36 40 43 44 45 46
issue:2026101
01 03 06 07 11 12 13 14 15 16 17 18 21 23 24 31 33 38 39 43 46 47
issue:2026100
04 08 10 11 12 13 15 16 18 19 22 24 27 32 37 38 39 40 44 45 48 49
