bot_name:王牌特号社
robotId：11.jpg
issue：2026110
title：第*****期 新澳🔥🀄💰【王牌特号社】🚲🚗内幕猛料【19码🀄特】,抓住时机为自己创造财，长期跟踪稳赚
prediction：01 02 04 06 10 11 12 14 16 19 20 24 26 27 29 31 36 45 49
recent10：
issue:2026109
03 04 06 07 08 13 15 17 19 20 27 28 30 34 37 39 40 41 43
issue:2026108
01 03 04 05 07 11 12 18 19 27 29 32 35 36 39 41 43 48 49
issue:2026107
01 06 07 08 09 10 11 13 15 16 17 18 22 28 32 34 40 43 45
issue:2026106
02 07 09 11 12 15 16 18 19 20 21 25 26 27 29 35 38 41 48
issue:2026105
02 04 06 08 13 14 16 18 19 21 22 24 26 28 34 37 42 45 46
issue:2026104
05 07 09 10 16 17 23 25 28 29 31 34 36 38 41 43 46 48 49
issue:2026103
01 03 04 05 07 11 23 24 25 26 27 28 35 36 42 44 46 47 49
issue:2026102
02 04 06 07 08 11 12 15 17 21 23 27 28 31 33 41 45 46 49
issue:2026101
02 06 07 11 12 15 17 18 19 22 23 26 31 35 37 38 40 42 46
issue:2026100
02 03 04 08 13 18 21 24 27 29 32 34 36 38 39 40 42 45 46
