bot_name:一线高手手
robotId：10.jpg
issue：2026110
title：第*****期 新澳🔥🀄💰【一线高手手】🚲🚗内幕猛料【18码🀄特】,抓住时机为自己创造财，长期跟踪稳赚
prediction：01 10 14 17 20 24 25 26 30 31 36 37 42 44 45 46 47 48
recent10：
issue:2026109
02 03 07 14 16 18 21 22 29 33 34 36 37 41 42 44 46 48
issue:2026108
02 03 04 06 07 11 13 17 18 19 25 28 31 32 38 40 42 48
issue:2026107
02 03 06 07 09 11 13 14 15 20 25 28 29 31 37 45 47 48
issue:2026106
01 06 08 09 10 17 21 22 23 25 28 29 34 36 40 43 47 48
issue:2026105
07 09 11 16 17 19 20 22 26 28 29 31 33 39 42 44 45 49
issue:2026104
05 06 07 09 10 11 12 14 21 22 23 24 30 37 38 40 46 47
issue:2026103
01 02 04 05 06 07 11 12 23 26 34 35 36 41 43 47 48 49
issue:2026102
02 03 05 06 13 14 15 19 22 29 30 32 36 38 39 40 41 45
issue:2026101
01 02 05 06 15 21 23 29 30 31 33 34 35 38 39 45 48 49
issue:2026100
01 02 04 10 14 15 16 18 20 21 32 34 38 40 43 44 47 48
