bot_name:一线澳彩手
robotId：13.jpg
issue：2026110
title：第*****期 新澳🔥🀄💰【一线澳彩手】🚲🚗内幕猛料【17码🀄特】,抓住时机为自己创造财，长期跟踪稳赚
prediction：02 04 07 08 09 14 18 20 21 22 25 31 32 34 44 46 49
recent10：
issue:2026109
03 05 08 19 22 23 24 25 28 32 33 34 41 43 45 46 47
issue:2026108
01 07 09 14 20 21 22 23 25 26 30 31 32 35 37 39 40
issue:2026107
06 09 11 12 13 17 19 21 26 27 30 32 35 37 46 47 48
issue:2026106
04 13 15 17 18 19 21 25 26 27 29 31 36 38 41 42 45
issue:2026105
02 03 05 07 08 13 16 17 22 23 24 29 30 31 32 39 48
issue:2026104
03 08 14 16 17 21 25 28 29 30 33 34 36 45 46 47 49
issue:2026103
03 07 08 10 15 18 21 23 25 27 36 37 38 43 45 46 49
issue:2026102
01 02 03 05 06 07 09 14 17 22 23 28 31 37 41 42 43
issue:2026101
02 06 07 08 12 16 21 25 27 29 30 34 35 36 37 45 46
issue:2026100
01 03 17 22 24 25 26 28 32 33 34 36 39 41 43 47 48
