bot_name:稳中波色号
robotId：16.jpg
issue：2026110
title：第*****期 新澳🔥🀄💰【稳中波色号】🚲🚗内幕猛料【15码🀄特】,抓住时机为自己创造财，长期跟踪稳赚
prediction：05 07 10 17 24 25 30 31 33 34 35 36 38 46 47
recent10：
issue:2026109
06 07 08 11 13 14 23 24 30 35 37 38 41 46 47
issue:2026108
05 06 08 12 18 20 23 27 29 30 36 40 42 44 46
issue:2026107
06 07 10 16 20 25 26 28 29 30 31 38 42 44 49
issue:2026106
02 07 14 15 20 23 25 26 29 31 34 35 42 43 48
issue:2026105
01 04 08 09 14 18 19 24 26 32 34 36 39 45 49
issue:2026104
09 12 13 16 17 25 29 31 32 33 34 37 41 43 48
issue:2026103
01 02 03 04 06 09 14 15 16 17 23 30 35 48 49
issue:2026102
08 09 11 13 16 17 19 20 21 23 24 29 37 39 43
issue:2026101
12 15 16 18 23 25 27 28 30 38 40 44 45 47 49
issue:2026100
05 06 10 12 17 18 21 27 28 29 32 33 37 41 49
